image_width: 2448
image_height: 2048
camera_name: /camera/left
camera_matrix:
   rows: 3
   cols: 3
   data: [ 1.7982214686406001e+03, 0., 1.2228246024593000e+03, 0.,
       1.8004161474010000e+03, 9.9590341112709996e+02, 0., 0., 1. ]
distortion_model: plumb_bob
distortion_coefficients:
   rows: 1
   cols: 5
   data: [ -2.4457699999999999e-02, -2.0222831300000001e-02, 0., 0., 0. ]
rectification_matrix:
   rows: 3
   cols: 3
   data: [ 9.9979878302724812e-01, -8.0363927832553163e-03,
       1.8379604137925540e-02, 8.0448188425702571e-03,
       9.9996756597786651e-01, -3.8455440658410303e-04,
       -1.8375917583180284e-02, 5.3233761339830743e-04,
       9.9983100685547932e-01 ]
projection_matrix:
   rows: 3
   cols: 4
   data: [ 1.7432960063806165e+03, 0., 1.2091606597900391e+03, 0., 0.,
       1.7432960063806165e+03, 9.9654321289062500e+02, 0., 0., 0., 1.,
       0. ]
