image_width: 2448
image_height: 2048
camera_name: /camera/right
camera_matrix:
   rows: 3
   cols: 3
   data: [ 1.8090024857281001e+03, 0., 1.2778058882975999e+03, 0.,
       1.8074293111402001e+03, 9.9930616729520000e+02, 0., 0., 1. ]
distortion_model: plumb_bob
distortion_coefficients:
   rows: 1
   cols: 5
   data: [ -4.5515391699999998e-02, 5.5896940999999997e-03, 0., 0., 0. ]
rectification_matrix:
   rows: 3
   cols: 3
   data: [ 9.9988984910439227e-01, -4.7381306409295925e-03,
       1.4065552816188783e-02, 4.7316813443833315e-03,
       9.9998868461766866e-01, 4.9176038899606024e-04,
       -1.4067723684048064e-02, -4.2515250728999900e-04,
       9.9990095429282133e-01 ]
projection_matrix:
   rows: 3
   cols: 4
   data: [ 1.7432960063806165e+03, 0., 1.2091606597900391e+03,
       -2.5989251278693467e+02, 0., 1.7432960063806165e+03,
       9.9654321289062500e+02, 0., 0., 0., 1., 0. ]
